image: map.pgm
resolution: 0.030000
origin: [-0.959338, -29.007389, 0.000000]
negate: 0
occupied_thresh: 0.65
free_thresh: 0.196

